1 65
2 621770
3 281089082
4 2022652202
5 2042832002
6 868591084757
7 872546974178
8 872568754178
9 6979302951885
10 20313693904202
11 20313839704202
12 20331657922202
13 20331875722202
14 20333875702202
15 40313893704200
16 40351893720200
17 200142385731002
18 204238494066002
19 221462345754122
20 244062891224042
21 245518996076442
22 248359494187442
23 403058392434500
24 441054594034340
25 816984566129618
26 2078311262161202
27 2133786945766212
28 2135568943984212
29 2135764587964212
30 2135786765764212
31 4135786945764210
32 6157577986646405
33 6889765708183410
34 8052956026592517
35 8052956206592517
36 8191154686620818
37 8191156864620818
38 8191376864400818
39 8650327689541457
40 8650349867341457
41 22542040692914522
42 67725910561765640
43 86965750494756968
44 225342456863243522
45 225342458663243522
46 225342478643243522
47 284684666566486482
48 284684868364486482
49 297128548234950692
50 297128722852950692
51 297148324656930692
52 297148546434930692
53 497168548234910690
54 619431353040136925
55 619631153042134925
56 631688638047992345
57 633288858025996145
58 633488632647994145
59 653488856225994125
60 811865096390477018
61 865721270017296468
62 871975098681469178
63 898907259301737498
64 2042401829204402402
65 2060303819041450202
66 2420424089100600242
67 2551755006254571552
68 2702373360882732072
69 2825378427312735282
70 6531727101458000045
71 6988066446726832640
72 8066308349502036608
73 8197906905009010818
74 8200756128308135597
75 8320411466598809138
76 22134434735752443122
77 22134434753752443122
78 22134436953532443122
79 22136414517954423122
80 22136414971554423122
81 22136456771730423122
82 61952807156239928885
83 61999171315484316965
84 65459144877856561700
85 208393425242000083802
86 219518549668074815912
87 257661195832219326752
88 286694688797362186682
89 837982875780054779738
90 2414924301133245383042
91 2414924323311045383042
92 2414946523311023183042
93 2576494891793995836752
94 2576494893971995836752
95 2620937863931054483162
96 2620937863931054483162
97 2620955641393276283162
98 2622935621573476481162
99 2622935643751276481162
100 2622937641933274481162
101 2622955841933256281162
102 2622957843751254281162
103 2727651947516658327272
104 2747736918335953517072
105 2788047668617596408872
106 2788047848617776408872
107 2788047868437576408872
108 2788047888617376408872
109 2939501759705522349392
110 2939503375709360349392
111 2939503537707740349392
112 2939521359525562149392
113 2939521557527542149392
114 2939523577527340149392
115 2939523779525320149392
116 2959503377707360349192
117 6344828989519887483525
118 8045841652464561594308
119 8045841654642561594308
120 8655059576513659814468
121 8655059772157639814468
122 8655079374155679614468
123 8655079574515659614468
124 8888070771864228883913
