2535301200456458802993406410751
2535301200456458802993406410752
2535301200456458802993406410753
13915193059764305937984450503671774362956903094026
13915193059764305937984450503671774362956903094027
13915193059764305937984450503671774362956903094028
3291009114642412084309938365114701009965471731267159726697218047
3291009114642412084309938365114701009965471731267159726697218048
3291009114642412084309938365114701009965471731267159726697218049
478982867314193079343103971012905274780918889411529711276449080795491360573329941179894329618422913840217769989606002186784087122515410466421746099971911425217863660595506199897260676180132923869021199030846190814296645838293654953461447739891770786560456351897698413448956040891252504107001464301214129363916878598502352307571733754319063127928219815197533791143169704045528663736668573652473577217339249737995657450566765584821808491610093271865028511111099234263033059912119238910312977244859782573291554561945761658348522571502930050519241090096163802044817062082245385415413472602822462327994217324345808931910453620601121608190937504657725464045616942932685263613693650331152442378889986048
