15375
22459
33715
45257
64666
75944
90587
95397
102327
120488
138112
144686
149384
153591
176064
193187
200227
207650
212521
240711
247272
258403
279028
281515
282170
291411
294878
307862
324070
327821
351900
357895
398843
404798
416139
446558
447956
448173
462858
475933
477618
479714
482485
490615
491107
492341
494156
497368
525282
526560
545930
548783
566764
566874
568428
595560
598329
608718
644052
653668
658886
661457
665233
691026
693828
717677
727328
734707
742600
746785
756226
781641
788287
792907
795894
823781
833718
848535
859230
883800
901527
928164
932413
932604
940506
947265
948406
949184
949934
956726
958964
960450
961263
962566
973800
981171
990319
1011085
1029867
1036199
1043469
1058432
1076031
1089279
1091455
1095210
1097786
1113245
1113611
1129279
1131237
1136713
1148318
1157679
1186896
1191672
1201912
1202343
1210695
1221565
1222010
1230355
1274828
1275094
1277778
1289695
1295605
1301284
1308612
1313377
1314785
1324582
1330172
1352894
1357452
1360439
1394054
1394171
1401843
1407566
1409482
1419042
1420357
1430499
1433104
1464068
1469747
1484475
1498551
1541719
1543887
1551102
1553359
1576310
1578475
1599076
1618532
1625138
1642390
1662989
1664198
1669654
1677819
1678411
1683373
1690843
1695734
1713906
1717127
1739869
1750346
1751612
1760734
1769732
1780926
1784674
1788632
1809740
1810965
1812832
1813907
1840174
1840442
1842221
1863102
1864080
1866232
1867188
1870129
1880066
1887288
1905365
1909955
1916731
1942260
1959414
1975301
1976167
1981783
1998649
2002193
2012972
2014208
2015625
2022485
2023109
2028862
2030531
2038659
2045982
2070268
2108734
2109283
2109711
2148918
2155036
2162611
2163478
2172738
2184522
2201770
2204091
2205020
2208271
2210329
2235126
2235417
2237751
2242802
2285117
2295786
2300830
2311961
2313652
2316177
2329157
2332918
2344252
2348460
2363273
2382094
2414407
2415795
2428074
2447678
2449096
2449736
2455352
2456448
2460650
2470685
2487694
2492914
2505226
2517171
2523274
2528196
2528761
2538848
2544922
2565003
2618779
2626652
2626847
2642107
2644058
2647743
2677831
2691530
2691622
2723242
2725530
2732136
2749162
2751427
2759555
2772549
2786891
2787264
2801309
2832583
2833101
2849747
2849774
2852016
2855001
2856457
2856761
2859210
2862558
2863018
2869758
2881198
2917430
2922590
2936127
2958878
2979708
3002277
3019783
3028040
3061970
3063452
3063643
3066111
3075986
3081861
3095492
3107993
3130171
3134925
3203675
3205308
3207823
3220542
3220624
3221457
3236491
3241562
3256435
3260257
3286995
3305771
3325087
3329455
3337365
3360947
3362847
3363930
3370926
3382609
3383281
3384220
3385416
3392910
3402458
3403558
3423668
3425423
3437873
3451298
3470188
3476746
3484337
3490437
3497902
3514101
3514205
3529242
3531059
3533259
3537262
3543425
3549492
3557193
3571437
3579410
3588778
3615939
3620165
3626828
3643555
3649811
3666150
3666767
3677648
3687353
3692622
3718505
3733128
3747867
3764599
3774767
3776920
3778979
3782399
3792181
3799657
3805486
3809588
3846948
3865313
3869920
3880888
3884935
3887275
3893802
3896370
3903585
3921451
3925668
3932561
3972802
3973537
3994526
4006673
4008492
4011406
4013888
4014165
4032331
4034279
4057538
4077050
4080453
4085289
4095173
4104268
4109022
4112919
4113800
4130618
4143710
4145042
4146072
4146083
4148163
4160163
4162121
4164646
4172781
4178733
4196373
4197370
4216281
4253170
4262648
4264878
4286898
4292000
4334601
4345071
4354979
4359850
4384975
4385631
4386116
4398474
4407963
4414875
4415699
4419329
4435068
4454726
4475414
4483819
4491215
4497278
4497491
4500790
4531979
4546862
4555575
4564567
4573517
4589723
4618965
4631798
4638168
4640587
4657917
4678660
4680269
4691468
4692468
4694965
4701673
4711636
4729706
4736095
4739218
4749939
4755542
4779368
4821053
4834961
4843389
4848130
4848913
4862924
4878975
4879421
4879979
4891733
4911406
4913129
4924094
4930890
4931281
4932702
4958024
4960953
4972210
4972237
4977832
5014600
5019212
5030436
5035504
5059736
5109641
5120524
5128592
5131207
5135910
5144867
5147648
5156757
5194027
5218225
5220014
5232117
5232620
5233216
5235839
5241542
5250854
5275093
5282948
5287021
5293085
5294049
5294873
5310120
5347452
5352222
5353776
5360768
5418211
5420768
5420809
5441320
5453890
5459809
5460485
5490022
5492075
5502596
5571513
5579159
5586436
5587703
5594435
5600497
5613030
5613534
5620691
5653478
5664366
5679778
5683111
5693669
5693940
5694656
5727878
5741056
5748346
5751152
5755463
5778931
5778973
5789803
5789880
5794345
5795670
5796844
5798297
5810031
5824626
5827192
5836357
5845859
5860378
5869097
5881196
5905450
5925425
5950506
5952753
5953306
5957321
5960582
5966174
5966714
5972858
6006166
6009308
6014599
6023902
6029753
6032124
6046477
6072634
6072722
6083586
6095169
6098289
6105855
6106978
6110607
6121451
6125059
6125491
6134272
6136338
6138850
6141291
6145724
6159255
6184469
6195517
6203249
6206005
6211145
6217874
6220450
6240182
6243659
6247953
6276703
6277667
6311939
6313759
6319538
6324673
6326189
6327558
6337134
6337517
6366744
6367855
6384991
6389221
6389854
6401563
6409391
6417185
6424419
6429924
6438319
6458251
6491431
6495320
6511870
6514398
6522786
6523673
6524353
6526159
6553135
6554355
6558765
6577365
6579861
6589645
6591680
6610947
6628462
6637596
6653371
6655873
6665972
6670592
6682910
6699074
6709971
6733400
6759533
6762055
6765308
6767138
6781541
6791084
6798966
6801033
6809440
6821805
6828622
6828688
6855411
6862976
6874567
6874819
6880966
6885661
6887061
6888158
6892475
6931574
6946104
6948697
6955274
6963788
6965356
6972211
6980586
7009006
7013823
7015789
7023335
7031500
7039438
7043280
7051685
7067015
7069381
7085085
7105378
7118785
7122088
7128403
7132981
7132999
7149182
7161302
7166135
7178021
7184499
7186778
7205472
7218403
7229353
7229787
7238740
7248487
7249132
7268743
7280370
7294414
7295007
7297976
7301693
7310524
7315376
7327094
7330285
7341686
7370026
7375514
7386310
7400376
7402761
7437319
7447376
7451156
7469514
7473346
7485843
7496617
7506432
7511829
7514659
7526188
7578390
7637143
7666322
7673603
7674538
7677674
7678530
7679033
7682059
7697891
7700650
7735188
7751453
7763835
7766584
7775664
7803320
7837303
7842437
7847820
7852981
7857819
7863872
7865718
7873823
7888955
7891942
7893508
7895770
7895874
7907635
7922958
7934381
7938364
7939738
7961752
7978537
7980564
7981779
7985788
7991044
8008715
8015926
8017044
8021570
8029042
8048962
8078215
8091067
8094178
8103542
8124356
8124484
8139503
8140343
8140678
8145089
8145566
8167911
8171882
8191501
8210218
8217490
8220730
8239163
8249635
8263993
8269079
8293948
8308533
8316117
8320847
8347636
8354607
8355198
8368248
8370076
8374443
8383368
8392039
8432836
8446620
8454693
8454823
8501912
8504071
8504759
8514307
8520777
8554095
8559558
8581197
8587783
8608322
8637312
8644092
8676417
8679336
8683033
8689809
8694269
8705780
8729753
8740952
8751248
8763042
8769543
8770239
8776088
8817162
8817978
8828357
8840468
8850776
8854075
8867926
8871816
8881606
8883506
8887825
8901617
8901752
8912132
8919741
8932543
8942557
8948225
8953576
8967740
8976837
8979647
8995092
9000493
9017217
9028316
9032441
9045669
9060561
9061927
9082408
9085756
9094270
9094633
9094863
9099932
9107959
9108659
9117043
9120033
9126614
9149245
9150898
9160020
9173627
9173656
9190509
9202388
9208399
9217923
9230003
9230783
9234699
9237113
9243893
9252512
9258850
9260851
9261401
9267113
9291030
9329577
9331172
9337373
9337892
9347236
9352287
9358969
9375460
9397104
9401955
9407749
9423325
9425283
9437072
9441616
9446691
9448116
9448981
9449839
9458322
9488153
9498201
9498395
9499440
9532833
9533704
9550985
9562164
9568126
9574099
9577102
9584947
9587116
9608246
9610948
9612334
9615912
9631443
9640747
9656549
9657887
9661783
9661846
9681817
9686365
9688427
9691284
9694930
9704635
9706847
9726052
9735288
9743661
9747081
9757903
9810753
9818223
9839007
9840348
9843367
9861442
9863589
9878255
9884371
9900772
9903613
9903624
9904810
9909381
9915462
9923749
9927202
9958489
9966930
9975284
9976962
9989693
